59
60
62
64
65
67
69
71
73
75
77
79
81
83
85
87
88
90
92
94
95
97
98
100
101
102
103
104
105
106
107
107
108
108
108
108
108
108
108
107
107
106
106
105
104
103
101
100
98
97
95
94
92
90
88
87
85
83
81
79
77
75
73
71
69
67
65
64
62
60
59
57
56
54
53
52
51
50
49
48
47
47
46
46
46
46
46
46
46
47
47
48
49
50
51
52
53
54
55
57
59
60
62
64
65
67
69
71
73
75
77
79
81
83
85
86
88
90
92
94
95
97
98
100
101
102
103
104
105
106
107
107
108
108
108
108
108
108
108
107
107
106
105
104
103
102
101
100
98
97
95
94
92
90
89
87
85
83
81
79
77
75
73
71
69
67
66
64
62
60
59
57
56
54
53
52
51
50
49
48
47
47
46
46
46
46
46
46
46
47
47
48
49
50
51
52
53
54
55
57
58
60
62
64
65
67
69
71
73
75
77
79
81
83
85
86
88
90
92
94
95
97
98
100
101
102
103
104
105
106
107
107
108
108
108
108
108
108
108
107
107
106
105
104
103
102
101
100
98
97
95
94
92
90
89
87
85
83
81
79
77
75
73
71
69
67
66
64
62
60
59
57
56
54
53
52
51
50
49
48
47
47
46
46
46
46
46
46
46
47
47
48
49
50
50
52
53
54
55
57
58
60
62
63
65
67
69
71
73
75
77
79
81
83
85
86
88
90
92
94
95
97
98
100
101
102
103
104
105
106
107
107
108
108
108
108
108
108
108
107
107
106
105
104
103
102
101
100
98
97
95
94
92
90
89
87
85
83
81
79
77
75
73
71
69
67
66
64
62
60
59
57
56
54
53
52
51
50
49
48
47
47
46
46
46
46
46
46
46
47
47
48
49
50
50
52
53
54
55
57
58
60
62
63
65
67
69
71
73
75
77
79
81
83
84
86
88
90
92
93
95
97
99
100
101
102
104
105
105
106
107
107
108
108
108
108
108
108
108
107
107
106
105
104
103
102
101
100
98
97
95
94
92
90
89
87
85
83
81
79
77
75
73
71
69
67
66
64
62
60
59
57
56
54
53
52
51
50
49
48
47
47
46
46
46
46
46
46
46
47
47
48
49
49
50
52
53
54
55
57
58
60
62
63
65
67
69
71
73
75
77
79
81
83
84
87
89
90
92
94
96
97
99
100
101
102
103
104
105
106
107
107
108
108
108
108
108
108
108
107
107
106
105
104
103
102
101
100
98
97
95
94
92
90
89
87
85
83
81
79
77
75
73
71
69
67
66
64
62
60
59
57
56
54
53
52
51
50
49
48
47
47
46
46
46
46
46
46
46
47
47
48
49
49
50
52
53
54
55
57
58
60
62
63
65
67
69
71
73
75
77
79
81
83
85
87
89
90
92
94
95
97
98
100
101
102
103
104
105
106
107
107
108
108
108
108
108
108
108
107
107
106
105
104
103
102
101
100
99
97
96
94
92
90
89
87
85
83
81
79
77
75
73
71
69
68
66
64
62
60
59
57
56
54
53
52
51
50
49
48
47
47
46
46
46
46
46
46
46
47
47
48
49
49
50
52
53
54
55
57
58
60
62
64
66
67
69
71
73
75
77
79
81
83
85
87
89
90
92
94
95
97
98
100
101
102
103
104
105
106
107
107
108
108
108
108
108
108
108
107
107
106
105
105
104
102
101
100
99
97
96
94
92
90
89
87
85
83
81
79
77
75
73
71
69
68
66
64
62
60
59
57
56
54
53
52
51
50
49
48
47
47
46
46
46
46
46
46
46
47
47
48
49
49
50
51
53
54
56
57
59
60
62
64
66
67
69
71
73
75
77
79
81
83
85
87
89
90
92
94
95
97
98
100
101
102
103
104
105
106
107
107
108
108
108
108
108
108
108
107
107
106
105
105
104
102
101
100
99
97
96
94
92
91
89
87
85
83
81
79
77
75
73
71
70
68
66
64
62
61
59
57
56
54
53
52
51
50
49
48
47
47
46
46
46
46
46
46
46
47
47
48
49
50
51
52
53
54
56
57
59
60
62
64
66
67
69
71
73
75
77
79
81
83
85
87
89
90
92
94
95
97
98
100
101
102
103
104
105
106
107
107
108
108
108
108
108
108
108
107
107
106
105
105
104
102
101
100
99
97
96
94
92
91
89
87
85
83
81
79
77
75
73
71
70
68
66
64
62
61
59
57
56
54
53
52
51
50
49
48
47
47
46
46
46
46
46
46
46
47
47
48
49
50
51
52
53
54
56
57
59
60
62
64
66
67
69
71
73
75
77
79
81
83
85
87
88
90
92
94
95
97
98
100
101
102
103
104
105
106
107
107
108
108
108
108
108
108
108
107
107
106
105
105
104
102
101
100
99
97
96
94
92
91
89
87
85
83
81
79
77
75
73
71
70
68
66
64
62
61
59
57
56
55
53
52
51
50
49
48
47
47
46
46
46
46
46
46
46
47
47
48
49
50
51
52
53
54
56
57
59
60
62
64
65
67
69
71
73
75
77
79
81
83
85
87
88
90
92
94
95
97
98
100
101
102
103
104
105
106
107
107
108
108
108
108
108
108
108
107
107
106
105
105
104
102
101
100
99
97
96
94
92
91
89
87
85
83
81
79
77
75
73
72
70
68
66
64
62
61
59
57
56
54
53
52
51
50
49
48
47
47
46
46
46
46
46
46
46
47
47
48
49
50
51
52
53
54
56
57
59
60
62
64
65
67
69
71
73
75
77
79
81
83
85
87
88
90
92
94
95
97
98
100
101
102
103
104
105
106
107
107
108
108
108
108
108
108
108
107
107
106
105
105
104
103
101
100
99
97
96
94
92
91
89
87
85
83
81
79
77
75
73
71
69
67
65
64
62
60
59
57
56
54
53
52
51
50
49
48
47
47
46
46
46
46
46
46
46
47
47
48
49
50
51
52
53
54
56
57
59
60
62
64
65
67
69
71
73
75
77
79
81
83
85
87
88
90
92
94
95
97
98
100
101
102
103
104
105
106
107
107
108
108
108
108
108
108
108
107
107
106
105
105
104
103
101
100
99
97
96
94
92
91
89
87
85
83
81
79
77
75
73
71
69
67
65
64
62
60
59
57
56
54
53
52
51
50
49
48
47
47
46
46
46
46
46
46
46
47
47
48
49
50
51
52
53
54
56
57
59
60
62
64
65
67
69
71
73
75
77
79
81
83
85
87
88
90
92
94
95
97
98
100
101
102
103
104
105
106
107
107
108
108
108
108
108
108
108
107
107
106
105
105
104
103
101
100
99
97
95
94
92
90
88
87
85
83
81
79
77
75
73
71
69
67
65
64
62
60
59
57
56
54
53
52
51
50
49
48
47
47
46
46
46
46
46
46
46
47
47
48
49
50
51
52
53
54
56
57
59
60
62
64
65
67
69
71
73
75
77
79
81
83
85
86
88
90
92
94
95
97
98
100
101
102
103
104
105
106
107
107
108
108
108
108
108
108
108
107
107
106
105
105
103
102
101
100
98
97
95
94
92
90
88
87
85
83
81
79
77
75
73
71
69
67
66
64
62
60
59
57
56
54
53
52
51
50
49
48
47
47
46
46
46
46
46
46
46
47
47
48
49
50
51
52
53
54
55
57
58
60
62
64
65
67
69
71
73
75
77
79
81
83
85
86
88
90
92
94
95
97
98
100
101
102
103
104
105
106
107
107
108
108
108
108
108
108
108
107
107
106
105
104
103
102
101
100
98
97
95
94
92
90
89
87
85
83
81
79
77
75
73
71
69
67
66
64
62
60
59
57
56
54
53
52
51
50
49
48
47
47
46
46
46
46
46
46
46
47
47
48
49
50
51
52
53
54
55
57
58
60
62
63
65
67
69
71
73
75
77
79
81
83
85
86
88
90
92
94
95
97
98
100
101
102
103
104
105
106
107
107
108
108
108
108
108
108
108
107
107
106
105
104
103
102
101
100
98
97
95
94
92
90
89
87
85
83
81
79
77
75
73
71
69
67
66
64
62
60
59
57
56
54
53
52
51
50
49
48
47
47
46
46
46
46
46
46
46
47
47
48
49
49
50
52
53
54
55
57
58
60
62
63
65
67
69
71
73
75
77
79
81
83
84
86
88
90
92
93
95
97
98
100
101
102
103
104
105
106
107
107
108
108
108
108
108
108
108
107
107
106
105
104
103
102
101
100
98
97
95
94
92
90
89
87
85
83
81
79
77
75
73
71
69
67
66
64
62
60
59
57
56
54
53
52
51
50
49
48
47
47
46
46
46
46
46
46
46
47
47
48
49
49
50
52
53
54
55
57
58
60
62
63
65
67
69
71
73
75
77
79
81
83
84
86
88
90
92
94
96
97
99
100
101
102
103
104
105
106
107
107
108
108
108
108
108
108
108
107
107
106
105
104
103
102
101
100
98
97
95
94
92
90
89
87
85
83
81
79
77
75
73
71
69
67
66
64
62
60
59
57
56
54
53
52
51
50
49
48
47
47
46
46
46
46
46
46
46
47
47
48
49
49
50
52
53
54
55
57
