=~=~=~=~=~=~=~=~=~=~=~= PuTTY log 2018.03.02 23:21:10 =~=~=~=~=~=~=~=~=~=~=~=
49
50
51
53
54
55
56
57
59
60
61
62
64
65
66
68
69
71
72
74
75
76
78
79
80
82
83
85
86
87
89
90
91
93
94
95
96
98
99
100
101
102
103
105
106
107
108
109
109
110
111
112
113
114
114
115
116
116
117
117
118
118
119
119
120
120
120
120
121
121
121
121
121
121
121
120
120
120
120
120
119
119
118
118
117
117
116
116
115
114
114
113
112
111
110
110
109
108
107
106
105
104
102
101
100
99
98
97
95
94
93
91
90
89
87
86
85
83
82
81
79
78
77
75
74
73
71
70
68
67
66
65
63
62
61
59
58
57
56
55
53
52
51
50
49
48
47
46
45
44
43
42
41
41
40
39
39
38
37
37
36
36
35
35
34
34
34
34
33
33
33
33
33
33
33
33
33
34
34
34
34
35
35
36
36
37
37
38
39
39
40
41
42
42
43
44
45
46
47
48
49
50
51
53
54
55
56
58
59
60
61
63
64
65
67
68
69
71
72
74
75
76
78
79
80
82
83
85
86
87
89
90
91
93
94
95
96
98
99
100
101
102
103
104
106
107
108
109
109
110
111
112
113
114
114
115
116
116
117
117
118
118
119
119
120
120
120
120
120
121
121
121
121
121
121
120
120
120
120
120
119
119
118
118
117
117
116
116
115
114
114
113
112
111
110
110
109
107
106
105
104
103
102
101
100
99
98
96
95
94
93
91
90
89
87
86
85
83
82
81
79
78
77
75
74
73
71
70
69
67
66
65
63
62
61
59
58
57
56
55
53
52
51
50
49
48
47
46
45
44
43
42
41
41
40
39
39
38
37
37
36
36
35
35
34
34
34
34
33
33
33
33
33
33
33
33
33
34
34
34
34
35
35
36
36
37
37
38
39
39
40
41
42
43
43
44
45
46
47
48
49
50
52
53
54
55
56
58
59
60
61
63
64
65
67
68
69
71
72
73
75
76
78
79
80
82
83
85
86
87
89
90
91
93
94
95
96
98
99
100
101
102
103
104
105
107
108
109
109
110
111
112
113
114
114
115
116
116
117
117
118
118
119
119
120
120
120
120
120
121
121
121
121
121
121
120
120
120
120
120
119
119
118
118
117
117
116
116
115
114
113
113
112
111
110
109
108
107
106
105
104
103
102
101
100
99
98
96
95
94
93
91
90
89
87
86
85
83
82
81
79
78
77
75
74
73
71
70
69
67
66
65
63
62
61
60
58
57
56
55
53
52
51
50
49
48
47
46
45
44
43
42
42
41
40
39
39
38
37
37
36
36
35
35
35
34
34
34
33
33
33
33
33
33
33
33
33
34
34
34
35
35
35
36
36
37
37
38
39
39
40
41
42
43
43
44
45
46
47
48
49
50
52
53
54
55
56
57
59
60
61
63
64
65
67
68
69
71
72
73
75
76
78
79
80
82
83
84
86
87
89
90
91
92
94
95
96
98
99
100
101
102
103
104
105
107
108
108
109
110
111
112
113
114
114
115
116
116
117
117
118
118
119
119
120
120
120
120
120
121
121
121
121
121
121
120
120
120
120
119
119
119
118
118
117
117
116
116
115
114
114
113
112
111
110
109
108
107
106
105
104
103
102
101
100
99
98
96
95
94
93
91
90
89
88
86
85
84
82
81
79
78
77
75
74
73
71
70
69
67
66
65
63
62
61
60
58
57
56
55
54
52
51
50
49
48
47
46
45
44
43
42
42
41
40
39
39
38
37
37
36
36
35
35
34
34
34
34
33
33
33
33
33
33
33
33
33
34
34
34
35
35
35
36
36
37
37
38
39
39
40
41
42
42
43
44
45
46
47
48
49
50
52
53
54
55
56
57
59
60
61
63
64
65
67
68
69
71
72
73
75
76
78
79
80
82
83
84
86
87
88
90
91
92
94
95
96
97
99
100
101
102
103
104
105
106
107
108
109
110
111
112
113
114
114
115
116
116
117
118
118
118
119
119
120
120
120
120
121
121
121
121
121
121
121
120
120
120
120
119
119
119
118
118
117
117
116
116
115
114
114
113
112
111
110
109
108
107
106
105
104
103
102
101
100
99
98
96
95
94
93
91
90
89
88
86
85
84
82
81
79
78
77
75
74
73
71
70
69
67
66
65
63
62
61
60
58
57
56
55
54
52
51
50
49
48
47
46
45
44
43
42
41
41
40
39
38
38
37
37
36
36
35
35
34
34
34
34
33
33
33
33
33
33
33
33
33
34
34
34
35
35
35
36
36
37
37
38
39
39
40
41
42
42
43
44
45
46
47
48
49
50
51
53
54
55
56
57
59
60
61
63
64
65
67
68
69
71
72
73
75
76
78
79
80
82
83
84
86
87
88
90
91
92
94
95
96
97
99
100
101
102
103
104
105
107
108
109
110
110
111
112
113
114
114
115
116
116
117
118
118
118
119
119
120
120
120
120
121
121
121
121
121
121
121
120
120
120
120
119
119
119
118
118
117
117
116
116
115
114
114
113
112
111
110
109
108
108
107
106
104
103
102
101
100
99
98
96
95
94
93
91
90
89
88
86
85
84
82
81
80
78
77
75
74
73
71
70
69
67
66
65
63
62
61
60
58
57
56
54
53
52
51
50
49
48
47
46
45
44
43
42
41
41
40
39
38
38
37
37
36
36
35
35
34
34
34
34
33
33
33
33
33
33
33
33
33
34
34
34
34
35
35
36
36
37
37
38
39
39
40
41
42
42
43
44
45
46
47
48
49
50
51
53
54
55
56
57
59
60
61
62
64
65
66
68
69
71
72
73
75
76
77
79
80
82
83
84
86
87
88
90
91
93
94
95
96
98
99
100
101
102
103
105
106
107
108
109
110
110
111
112
113
114
114
115
116
116
117
118
118
118
119
119
120
120
120
120
120
121
121
121
121
121
121
120
120
120
120
119
119
119
118
118
117
117
116
116
115
114
114
113
112
111
110
109
109
108
107
106
105
103
102
101
100
99
98
97
95
94
93
92
90
89
88
86
85
84
82
81
80
78
77
76
74
72
71
70
68
67
66
64
63
62
61
59
58
57
56
54
53
52
51
50
49
48
47
46
45
44
43
42
41
41
40
39
39
38
37
37
36
36
35
35
34
34
34
34
33
33
33
33
33
33
33
33
33
34
34
34
34
35
35
36
36
37
37
38
39
39
40
41
42
42
43
44
45
46
47
48
49
50
51
53
54
55
56
57
59
60
61
62
64
65
66
68
69
70
72
74
75
76
78
79
81
82
83
85
86
87
89
90
91
93
94
95
96
98
99
100
101
102
103
105
106
107
108
109
110
110
111
112
113
114
114
115
116
116
117
118
118
118
119
119
120
120
120
120
121
121
121
121
121
121
121
120
120
120
120
120
119
119
118
118
117
117
116
116
115
114
114
113
112
111
110
110
109
108
107
106
105
104
102
101
100
99
98
97
95
94
93
92
90
89
87
86
85
83
82
81
79
78
77
75
74
73
71
70
68
67
66
65
63
62
61
59
58
57
56
55
53
52
51
50
49
48
47
46
45
44
43
42
41
41
40
39
39
38
37
37
36
36
35
35
34
34
34
34
33
33
33
33
33
33
33
33
33
34
34
34
34
35
35
36
36
37
37
38
39
39
40
41
42
42
43
44
45
46
47
48
49
50
51
52
54
55
56
58
59
60
61
63
64
65
67
68
69
71
72
74
75
76
78
79
80
82
83
85
86
87
89
90
91
93
94
95
96
98
99
100
101
102
103
104
106
107
108
109
109
110
111
112
113
114
114
115
116
116
117
117
118
118
119
119
120
120
120
120
120
121
121
121
121
121
121
120
120
120
120
120
119
119
118
118
117
117
116
116
115
114
114
113
112
111
110
110
109
108
107
105
104
103
102
101
100
99
98
96
95
94
93
91
90
89
87
86
85
83
82
81
79
78
77
75
74
73
71
70
69
67
66
65
63
62
61
59
58
57
56
55
53
52
51
50
49
48
47
46
45
44
43
42
41
41
40
39
39
38
37
37
36
36
35
35
34
34
34
34
33
33
33
33
33
33
33
33
33
34
34
34
34
35
35
36
36
37
37
38
39
39
40
41
41
43
43
44
45
46
47
48
49
50
52
53
54
55
56
58
59
60
61
63
64
65
67
68
69
71
72
73
75
76
78
79
80
82
83
85
86
87
89
90
91
93
94
95
96
98
99
100
101
102
103
104
106
107
108
109
109
110
111
112
113
114
114
115
116
116
117
117
118
118
119
119
120
120
120
120
120
121
121
121
121
121
121
120
120
120
120
120
119
119
118
118
117
117
116
116
115
114
113
113
112
111
110
109
108
107
106
105
104
103
102
101
100
99
98
96
95
94
93
91
90
89
87
86
85
83
82
81
79
78
77
75
74
73
71
70
69
67
66
65
63
62
61
59
58
57
56
55
53
52
51
50
49
48
47
46
45
44
43
42
42
41
40
39
39
38
37
37
36
36
35
35
35
34
34
34
33
33
33
33
33
33
33
33
33
34
34
34
35
35
35
36
36
37
37
38
39
39
40
41
42
43
43
44
45
46
47
48
